1	0	3021334	0	1
1	0	3174928	0	1
1	0	3809224	0	0
1	0	3485102	0	0
1	0	3668300	0	1
1	0	3853238	0	0
1	0	1852545	0	2
1	0	2315652	0	1
1	0	2630954	0	0
1	0	3119975	0	0
1	0	3054810	0	1
1	0	2837208	0	0
1	0	2700440	0	0
1	0	3526875	0	1
1	0	3665061	0	0
1	0	3512619	0	0
1	0	2726481	0	0
1	0	2386796	0	0
1	0	3371913	0	2
1	0	3061929	0	0
1	0	2801475	0	1
1	0	3192773	0	0
1	0	3015686	0	1
1	0	3155474	0	1
1	0	3725440	0	0
1	0	3093002	0	0
1	0	3701502	0	0
1	0	2072948	0	0
1	0	2698203	0	0
1	0	1236944	0	1
2	0	2809068	0	0
2	0	2938615	0	0
2	0	3484936	0	0
2	0	3213209	0	0
2	0	1852653	0	0
2	0	3682899	0	1
2	0	2671481	0	0
2	0	3692866	0	0
2	0	2837207	0	0
2	0	3179583	0	1
2	0	2789703	0	0.
2	0	3342251	0	0
2	0	3490930	0	0
2	0	2634760	0	0
2	0	3549740	0	0
2	0	1851736	0	0
2	0	3340914	0	0
2	0	1435711	0	0
2	0	3094358	0	1
2	0	3102073	0	0
2	0	3828376	0	1
2	0	3561294	0	1
2	0	3261937	0	0
2	0	2074576	0	1
2	0	2656405	0	0
2	0	3560643	0	0
2	0	2443799	0	1
2	0	2978117	0	0
2	0	3598744	0	0
2	0	2848140	0	1
3	0	3229979	0	0
3	0	2958331	0	2
3	0	3851159	0	0
3	0	2880591	0	0
3	0	3867969	0	1
3	0	2837380	0	0
3	0	3600273	0	2
3	0	3502399	0	0
3	0	2667597	0	2
3	0	3498281	0	0
3	0	2847915	0	1
3	0	3777779	0	1
3	0	3054894	0	1
3	0	2761925	0	0
3	0	3608667	0	1
3	0	3751515	0	0
3	0	2850579	0	1
3	0	2691409	0	0
3	0	2806301	0	0
3	0	2799647	0	1
3	0	3788379	0	0
3	0	3732198	0	0
3	0	3242151	0	1
3	0	3379857	0	1
3	0	3409351	0	0
3	0	3806272	0	1
3	0	3482600	0	0
3	0	2680866	0	0
3	0	3807502	0	0
3	0	1450276	0	0
4	0	2809068	0	0
4	0	2938615	0	0
4	0	3587601	0	0
4	0	3484936	0	0
4	0	2572049	0	1
4	0	3371974	0	0
4	0	2132025	0	0
4	0	3262351	0	0
4	0	2132372	0	1
4	0	2630300	0	0
4	0	3513134	0	1
4	0	3423074	0	2
4	0	2878291	0	0
4	0	3621635	0	2
4	0	2131996	0	2
4	0	3084686	0	1
4	0	3062610	0	1
4	0	2364358	0	0
4	0	3854308	0	0
4	0	3751483	0	1
4	0	2740120	0	0
4	0	3145830	0	0
4	0	2910686	0	2
4	0	3889039	0	0
4	0	3701486	0	2
4	0	3829723	0	0
4	0	3524424	0	0
4	0	2135465	0	2
4	0	2761416	0	0
4	0	3818614	0	1
5	0	3326369	0	0
5	0	3179762	0	1
5	0	3241624	0	0
5	0	3485093	0	0
5	0	2700440	0	1
5	0	2694806	0	1
5	0	2997343	0	0
5	0	3337387	0	0
5	0	3099609	0	0
5	0	3526913	0	0
5	0	3431066	0	0
5	0	3703866	0	0
5	0	3542314	0	0
5	0	3514081	0	0
5	0	2987927	0	2
5	0	3021334	0	1
5	0	2716679	0	0
5	0	1925127	0	2
5	0	3414837	0	0
5	0	2868875	0	2
5	0	2804733	0	0
5	0	2804732	0	0
5	0	3750274	0	2
5	0	3266655	0	1
5	0	2693830	0	0
5	0	3629711	0	0
5	0	3358686	0	1
5	0	2744771	0	0
5	0	3606484	0	0
5	0	3247782	0	1
6	0	3700494	0	1
6	0	2987927	0	0
6	0	2442120	0	1
6	0	2542400	0	0
6	0	3325862	0	1
6	0	2409353	0	1
6	0	2754084	0	0
6	0	3671530	0	1
6	0	2999614	0	0
6	0	3363304	0	0
6	0	2582515	0	1
6	0	3443661	0	0
6	0	3512880	0	0
6	0	3304513	0	0
6	0	2365968	0	0
6	0	3337735	0	0
6	0	3163609	0	0
6	0	3438068	0	0
6	0	3893346	0	0
6	0	3197540	0	0
6	0	2329656	0	0
6	0	503388	0	1
6	0	3492104	0	1
6	0	3087320	0	1
6	0	2944122	0	0
6	0	3180413	0	0
6	0	3724136	0	0
6	0	2906430	0	0
6	0	3414787	0	0
6	0	2782169	0	1
7	0	2695551	0	2
7	0	2656288	0	1
7	0	2763231	0	1
7	0	3833342	0	1
7	0	2871168	0	1
7	0	2375456	0	0
7	0	3747020	0	1
7	0	3412984	0	1
7	0	3413495	0	1
7	0	3608291	0	2
7	0	3694900	0	0
7	0	3327977	0	0
7	0	2492850	0	0
7	0	3871832	0	0
7	0	3665220	0	2
7	0	3826000	0	0
7	0	3630936	0	1
7	0	3318150	0	0
7	0	2814005	0	0
7	0	2996077	0	0
7	0	3810195	0	0
7	0	3775051	0	0
7	0	2614960	0	0
7	0	3273701	0	0
7	0	2892061	0	0
7	0	3418228	0	0
7	0	3544552	0	1
7	0	2517109	0	0
7	0	1241189	0	0
7	0	2805427	0	0
8	0	3485823	0	0
8	0	3870205	0	0
8	0	3662917	0	0
8	0	2132453	0	0
8	0	2686928	0	1
8	0	2726513	0	0
8	0	3575625	0	1
8	0	3339238	0	0
8	0	3203970	0	0
8	0	2475511	0	0
8	0	3030042	0	1
8	0	3750260	0	2
8	0	2141640	0	0
8	0	3143966	0	0
8	0	3607930	0	0
8	0	2116300	0	0
8	0	3348614	0	0
8	0	2224347	0	0
8	0	3102242	0	1
8	0	2120837	0	0
8	0	2120360	0	0
8	0	2140960	0	0
8	0	1368963	0	0
8	0	2199917	0	0
8	0	3443947	0	0
8	0	2782108	0	0
8	0	3183041	0	1
8	0	3851187	0	0
8	0	3423709	0	0
8	0	3261201	0	0
9	0	2920282	0	0
9	0	3745295	0	0
9	0	3520709	0	0
9	0	3284865	0	0
9	0	3464724	0	0
9	0	2582515	0	1
9	0	2364444	0	0
9	0	2579921	0	1
9	0	3634549	0	0
9	0	3325862	0	1
9	0	3199851	0	0
9	0	3568875	0	0
9	0	3295654	0	0
9	0	3166068	0	0
9	0	3177926	0	0
9	0	3014964	0	0
9	0	2783047	0	1
9	0	3668300	0	0
9	0	3381070	0	0
9	0	3468870	0	0
9	0	2864281	0	0
9	0	2726526	0	0
9	0	2939522	0	0
9	0	2964625	0	0
9	0	3180413	0	1
9	0	2605323	0	0
9	0	2542400	0	0
9	0	3183040	0	0
9	0	3311143	0	0
9	0	3668159	0	0
10	0	3222045	0	1
10	0	3403950	0	1
10	0	374361	0	1
10	0	3845692	0	0
10	0	3522540	0	1
10	0	1414057	0	1
10	0	2657288	0	1
10	0	2938489	0	1
10	0	3222065	0	0
10	0	1550861	0	1
10	0	3863555	0	1
10	0	3416709	0	2
10	0	3140133	0	2
10	0	2872586	0	2
10	0	3728547	0	0
10	0	2536179	0	0
10	0	3697234	0	0
10	0	3495840	0	1
10	0	2804058	0	0
10	0	2657262	0	0
10	0	3255315	0	0
10	0	1751019	0	0
10	0	3218973	0	0
10	0	3016304	0	0
10	0	3062807	0	0
10	0	3845694	0	0
10	0	2938495	0	0
10	0	3345596	0	0
10	0	2494540	0	0
10	0	3252802	0	0
